0,546
0,545
140,4
140,3
140,2
140,1
140,0
139,4
139,3
139,2
139,1
139,0
138,4
138,3
138,2
138,1
138,0
137,6
137,5
137,4
137,3
137,2
137,1
137,0
0,386
0,243
0,544
136,6
136,5
136,4
136,3
136,2
136,1
136,0
0,543
135,6
135,5
135,4
135,3
135,2
135,1
135,0
134,4
134,3
134,2
134,1
134,0
133,6
133,5
133,4
133,3
133,2
133,1
133,0
132,6
132,5
132,4
132,3
132,2
132,1
132,0
131,6
131,5
131,4
131,3
131,2
131,1
131,0
130,4
130,3
130,2
130,1
130,0
129,4
129,3
129,2
129,1
129,0
128,4
128,3
128,2
128,1
128,0
127,6
127,5
127,4
127,3
127,2
127,1
127,0
126,4
126,3
126,2
126,1
126,0
125,6
125,5
125,4
125,3
125,2
125,1
125,0
0,278
0,9
0,542
0,472
0,273
0,270
124,35
3,2
3,1
3,3
10,100
10,90
10,278
10,126
10,164
10,132
10,160
10,1
10,214
10,2
10,3
11,4
11,6
11,24
11,20
11,22
11,16
11,1
11,18
11,2
11,3
