0,496
0,495
0,491
0,490
0,483
0,481
0,479
0,243
0,476
0,469
0,468
0,467
0,465
0,459
0,449
0,319
0,318
0,316
0,314
0,312
0,308
0,302
0,447
0,445
0,439
0,437
0,433
0,472
0,432
0,431
0,429
0,386
10,30
10,86
10,130
10,10
10,92
10,148
10,100
9,7
9,6
9,1
9,4
9,2
9,3
8,9
8,4
8,10
8,12
1147,5
1147,4
1147,3
1147,2
1147,1
1147,0
1145,9
1145,8
1145,7
1145,6
1145,5
1145,4
1145,3
1145,2
1145,1
1145,0
1143,6
1143,5
1143,4
1143,3
1143,2
1143,1
1143,0
1141,4
1141,3
1141,2
1141,1
1141,0
1140,6
1140,5
1140,4
1140,3
1140,2
1140,1
1140,0
1138,4
1138,3
1138,2
1138,1
1138,0
1132,4
1132,3
1132,2
1132,1
1132,0
41,3
41,2
41,1
20,3
20,2
20,1
19,2
19,3
19,1
12,3
12,2
12,1
11,29
11,28
11,27
11,26
11,25
11,24
11,23
11,22
11,21
11,20
11,19
11,18
11,17
11,16
11,15
11,14
11,13
11,12
11,10
11,8
